# Matter power spectrum P(k) at redshift z=0
# for k=1.02888e-05 to 7545.77 h/Mpc,
# number of wavenumbers equal to 857
#    1:k (h/Mpc)              2:P (Mpc/h)^3        
       1.028876163718e-05       5.018210816291e+01 
       1.052841768257e-05       5.131315946270e+01 
       1.077365603438e-05       5.246971909636e+01 
       1.102460672122e-05       5.365233502319e+01 
       1.128140280048e-05       5.486161390465e+01 
       1.154418042883e-05       5.609816068703e+01 
       1.181307893444e-05       5.736256190504e+01 
       1.208824089088e-05       5.865546177982e+01 
       1.236981219263e-05       5.997750034561e+01 
       1.265794213255e-05       6.132934019456e+01 
       1.295278348094e-05       6.271163999648e+01 
       1.325449256657e-05       6.412510983298e+01 
       1.356322935961e-05       6.557042690662e+01 
       1.387915755639e-05       6.704832662146e+01 
       1.420244466621e-05       6.855954093190e+01 
       1.453326210019e-05       7.010479556133e+01 
       1.487178526210e-05       7.168488874393e+01 
       1.521819364141e-05       7.330059327549e+01 
       1.557267090843e-05       7.495271344322e+01 
       1.593540501169e-05       7.664207036385e+01 
       1.630658827762e-05       7.836950311790e+01 
       1.668641751249e-05       8.013587056832e+01 
       1.707509410681e-05       8.194204005958e+01 
       1.747282414203e-05       8.378892330996e+01 
       1.787981849989e-05       8.567743898309e+01 
       1.829629297419e-05       8.760850767017e+01 
       1.872246838521e-05       8.958310600262e+01 
       1.915857069678e-05       9.160220462874e+01 
       1.960483113613e-05       9.366680573555e+01 
       2.006148631645e-05       9.577794105587e+01 
       2.052877836236e-05       9.793665747209e+01 
       2.100695503829e-05       1.001440248156e+02 
       2.149626987983e-05       1.024011345976e+02 
       2.199698232821e-05       1.047091309048e+02 
       2.250935786778e-05       1.070691323371e+02 
       2.303366816684e-05       1.094823255402e+02 
       2.357019122165e-05       1.119498883701e+02 
       2.411921150383e-05       1.144730864751e+02 
       2.468102011121e-05       1.170531400290e+02 
       2.525591492214e-05       1.196913462863e+02 
       2.584420075346e-05       1.223890037055e+02 
       2.644618952212e-05       1.251474524259e+02 
       2.706220041051e-05       1.279680776971e+02 
       2.769256003577e-05       1.308522658524e+02 
       2.833760262292e-05       1.338014518278e+02 
       2.899767018207e-05       1.368171018251e+02 
       2.967311268978e-05       1.399007127061e+02 
       3.036428827461e-05       1.430538160199e+02 
       3.107156340700e-05       1.462779736507e+02 
       3.179531309359e-05       1.495747918397e+02 
       3.253592107604e-05       1.529459020333e+02 
       3.329378003452e-05       1.563929830959e+02 
       3.406929179586e-05       1.599177450515e+02 
       3.486286754667e-05       1.635219360405e+02 
       3.567492805132e-05       1.672073488503e+02 
       3.650590387503e-05       1.709758071826e+02 
       3.735623561220e-05       1.748291838703e+02 
       3.822637411995e-05       1.787693933442e+02 
       3.911678075725e-05       1.827983892831e+02 
       4.002792762947e-05       1.869181746049e+02 
       4.096029783876e-05       1.911307861600e+02 
       4.191438574014e-05       1.954383253470e+02 
       4.289069720363e-05       1.998429196580e+02 
       4.388974988252e-05       2.043467615025e+02 
       4.491207348773e-05       2.089520837431e+02 
       4.595821006880e-05       2.136611692603e+02 
       4.702871430116e-05       2.184763567584e+02 
       4.812415378036e-05       2.234000336880e+02 
       4.924510932288e-05       2.284346428026e+02 
       5.039217527420e-05       2.335826805450e+02 
       5.156595982387e-05       2.388467030951e+02 
       5.276708532800e-05       2.442293138350e+02 
       5.399618863922e-05       2.497331918399e+02 
       5.525392144439e-05       2.553610593346e+02 
       5.654095061007e-05       2.611157096595e+02 
       5.785795853618e-05       2.669999958562e+02 
       5.920564351774e-05       2.730168302431e+02 
       6.058472011518e-05       2.791692011836e+02 
       6.199591953315e-05       2.854601547623e+02 
       6.343999000828e-05       2.918928079285e+02 
       6.491769720583e-05       2.984703495729e+02 
       6.642982462573e-05       3.051960370823e+02 
       6.797717401795e-05       3.120732027437e+02 
       6.956056580762e-05       3.191052518740e+02 
       7.118083953002e-05       3.262956677085e+02 
       7.283885427573e-05       3.336480088080e+02 
       7.453548914611e-05       3.411659177426e+02 
       7.627164371944e-05       3.488531149368e+02 
       7.804823852783e-05       3.567134030226e+02 
       7.986621554539e-05       3.647506721497e+02 
       8.172653868758e-05       3.729689006240e+02 
       8.363019432236e-05       3.813721491699e+02 
       8.557819179315e-05       3.899645762706e+02 
       8.757156395399e-05       3.987504275744e+02 
       8.961136771719e-05       4.077340484638e+02 
       9.169868461369e-05       4.169198759642e+02 
       9.383462136655e-05       4.263124491485e+02 
       9.602031047771e-05       4.359164065202e+02 
       9.825691082846e-05       4.457364918436e+02 
       1.005456082939e-04       4.557775511686e+02 
       1.028876163718e-04       4.660445401276e+02 
       1.052841768257e-04       4.765425236887e+02 
       1.077365603438e-04       4.872766790494e+02 
       1.102460672122e-04       4.982522971687e+02 
       1.128140280048e-04       5.094747892458e+02 
       1.154418042883e-04       5.209496829488e+02 
       1.181307893444e-04       5.326826275866e+02 
       1.208824089088e-04       5.446794007778e+02 
       1.236981219263e-04       5.569459027409e+02 
       1.265794213255e-04       5.694881679310e+02 
       1.295278348094e-04       5.823123623593e+02 
       1.325449256657e-04       5.954247854575e+02 
       1.356322935961e-04       6.088318782462e+02 
       1.387915755639e-04       6.225402193047e+02 
       1.420244466621e-04       6.365565355967e+02 
       1.453326210019e-04       6.508876954130e+02 
       1.487178526210e-04       6.655407244020e+02 
       1.521819364141e-04       6.805227939873e+02 
       1.557267090843e-04       6.958412369578e+02 
       1.593540501169e-04       7.115035429890e+02 
       1.630658827762e-04       7.275173651061e+02 
       1.668641751249e-04       7.438905235712e+02 
       1.707509410681e-04       7.606310039039e+02 
       1.747282414203e-04       7.777469666357e+02 
       1.787981849989e-04       7.952467500084e+02 
       1.829629297419e-04       8.131388679390e+02 
       1.872246838521e-04       8.314320177587e+02 
       1.915857069678e-04       8.501350843086e+02 
       1.960483113613e-04       8.692571411704e+02 
       2.006148631645e-04       8.888074572129e+02 
       2.052877836236e-04       9.087954947819e+02 
       2.100695503829e-04       9.292309187899e+02 
       2.149626987983e-04       9.501235993913e+02 
       2.199698232821e-04       9.714836145861e+02 
       2.250935786778e-04       9.933212528359e+02 
       2.303366816684e-04       1.015647017605e+03 
       2.357019122165e-04       1.038471633772e+03 
       2.411921150383e-04       1.061806048481e+03 
       2.468102011121e-04       1.085661436989e+03 
       2.525591492214e-04       1.110049204450e+03 
       2.584420075346e-04       1.134980990702e+03 
       2.644618952212e-04       1.160468675169e+03 
       2.706220041051e-04       1.186524379815e+03 
       2.769256003577e-04       1.213160472821e+03 
       2.833760262292e-04       1.240389575300e+03 
       2.899767018207e-04       1.268224557657e+03 
       2.967311268978e-04       1.296678553079e+03 
       3.036428827461e-04       1.325764957737e+03 
       3.107156340700e-04       1.355497430783e+03 
       3.179531309359e-04       1.385889903306e+03 
       3.253592107604e-04       1.416956580428e+03 
       3.329378003452e-04       1.448711945088e+03 
       3.406929179586e-04       1.481170762361e+03 
       3.486286754667e-04       1.514348079621e+03 
       3.567492805132e-04       1.548259238081e+03 
       3.650590387503e-04       1.582919870579e+03 
       3.735623561220e-04       1.618345904541e+03 
       3.822637411995e-04       1.654553564863e+03 
       3.911678075725e-04       1.691559392754e+03 
       4.002792762947e-04       1.729380221417e+03 
       4.096029783876e-04       1.768033202927e+03 
       4.191438574014e-04       1.807535797315e+03 
       4.289069720363e-04       1.847905792725e+03 
       4.388974988251e-04       1.889161285966e+03 
       4.491207348773e-04       1.931320704263e+03 
       4.595821006879e-04       1.974402796711e+03 
       4.702871430116e-04       2.018426643726e+03 
       4.812415378036e-04       2.063411657530e+03 
       4.924510932288e-04       2.109377585695e+03 
       5.039217527420e-04       2.156344511130e+03 
       5.156595982387e-04       2.204332854524e+03 
       5.276708532800e-04       2.253363382298e+03 
       5.399618863922e-04       2.303457201638e+03 
       5.525392144439e-04       2.354635766018e+03 
       5.654095061007e-04       2.406920872178e+03 
       5.785795853618e-04       2.460334670729e+03 
       5.920564351774e-04       2.514899658534e+03 
       6.058472011518e-04       2.570638675917e+03 
       6.199591953315e-04       2.627574926515e+03 
       6.343999000828e-04       2.685731953793e+03 
       6.491769720583e-04       2.745133662774e+03 
       6.642982462573e-04       2.805804300125e+03 
       6.797717401795e-04       2.867768454059e+03 
       6.956056580762e-04       2.931051075460e+03 
       7.118083953002e-04       2.995677459337e+03 
       7.283885427573e-04       3.061673227353e+03 
       7.453548914611e-04       3.129064357296e+03 
       7.627164371944e-04       3.197877151067e+03 
       7.804823852783e-04       3.268138248275e+03 
       7.986621554539e-04       3.339874610930e+03 
       8.172653868758e-04       3.413113519361e+03 
       8.363019432236e-04       3.487882561365e+03 
       8.557819179315e-04       3.564209627864e+03 
       8.757156395399e-04       3.642122913638e+03 
       8.961136771719e-04       3.721650870025e+03 
       9.169868461369e-04       3.802822256573e+03 
       9.383462136655e-04       3.885666049107e+03 
       9.602031047771e-04       3.970211505086e+03 
       9.825691082846e-04       4.056488085512e+03 
       1.005456082939e-03       4.144525471505e+03 
       1.028876163718e-03       4.234353530190e+03 
       1.052841768257e-03       4.326002324625e+03 
       1.077365603438e-03       4.419502082248e+03 
       1.102460672122e-03       4.514883101571e+03 
       1.128140280048e-03       4.612175881095e+03 
       1.154418042883e-03       4.711410952147e+03 
       1.181307893444e-03       4.812618935407e+03 
       1.208824089088e-03       4.915830475931e+03 
       1.236981219263e-03       5.021076253753e+03 
       1.265794213255e-03       5.128386924303e+03 
       1.295278348094e-03       5.237793120651e+03 
       1.325449256657e-03       5.349314626854e+03 
       1.356322935961e-03       5.462987738335e+03 
       1.387915755639e-03       5.578846982305e+03 
       1.420244466621e-03       5.696922334477e+03 
       1.453326210019e-03       5.817244065461e+03 
       1.487178526210e-03       5.939841037492e+03 
       1.521819364141e-03       6.064743336342e+03 
       1.557267090843e-03       6.191979228895e+03 
       1.593540501169e-03       6.321577536345e+03 
       1.630658827762e-03       6.453566222161e+03 
       1.668641751249e-03       6.587972848896e+03 
       1.707509410681e-03       6.724824405657e+03 
       1.747282414203e-03       6.864147211756e+03 
       1.787981849989e-03       7.005966897926e+03 
       1.829629297419e-03       7.150308347996e+03 
       1.872246838521e-03       7.297195615607e+03 
       1.915857069678e-03       7.446651850783e+03 
       1.960483113613e-03       7.598699101012e+03 
       2.006148631645e-03       7.753358760497e+03 
       2.052877836236e-03       7.910650632088e+03 
       2.100695503829e-03       8.070593889881e+03 
       2.149626987983e-03       8.233205275206e+03 
       2.199698232821e-03       8.398501979892e+03 
       2.250935786778e-03       8.566498401627e+03 
       2.303366816684e-03       8.737207846269e+03 
       2.357019122165e-03       8.910641992580e+03 
       2.411921150383e-03       9.086810769331e+03 
       2.468102011121e-03       9.265721658895e+03 
       2.525591492214e-03       9.447382950350e+03 
       2.584420075346e-03       9.631795901793e+03 
       2.644618952212e-03       9.818964319300e+03 
       2.706220041051e-03       1.000889101216e+04 
       2.769256003577e-03       1.020157020909e+04 
       2.833760262292e-03       1.039699703024e+04 
       2.899767018207e-03       1.059516555012e+04 
       2.967311268978e-03       1.079606603444e+04 
       3.036428827461e-03       1.099968534208e+04 
       3.107156340700e-03       1.120600804488e+04 
       3.179531309359e-03       1.141501658004e+04 
       3.253592107604e-03       1.162668868477e+04 
       3.329378003452e-03       1.184099936605e+04 
       3.406929179586e-03       1.205792080313e+04 
       3.486286754667e-03       1.227742108736e+04 
       3.567492805132e-03       1.249946470366e+04 
       3.650590387503e-03       1.272401130382e+04 
       3.735623561220e-03       1.295101857776e+04 
       3.822637411995e-03       1.318043747603e+04 
       3.911678075725e-03       1.341221628403e+04 
       4.002792762947e-03       1.364629897661e+04 
       4.096029783876e-03       1.388262190121e+04 
       4.191438574014e-03       1.412112048928e+04 
       4.289069720363e-03       1.436172296072e+04 
       4.388974988251e-03       1.460435065066e+04 
       4.491207348773e-03       1.484892265913e+04 
       4.595821006879e-03       1.509535341134e+04 
       4.702871430116e-03       1.534350805307e+04 
       4.812415378036e-03       1.559335410476e+04 
       4.924510932288e-03       1.584476226289e+04 
       5.039217527420e-03       1.609760827746e+04 
       5.156595982387e-03       1.635179046223e+04 
       5.276708532800e-03       1.660724639869e+04 
       5.399618863922e-03       1.686376087923e+04 
       5.525392144439e-03       1.712123596032e+04 
       5.654095061007e-03       1.737950151513e+04 
       5.785795853618e-03       1.763788189214e+04 
       5.920564351774e-03       1.789725062113e+04 
       6.058472011518e-03       1.815692261294e+04 
       6.199591953315e-03       1.841673352122e+04 
       6.343999000828e-03       1.867645995937e+04 
       6.491769720583e-03       1.893608119481e+04 
       6.642982462573e-03       1.919505585671e+04 
       6.797717401795e-03       1.945351162096e+04 
       6.956056580762e-03       1.971127153446e+04 
       7.118083953002e-03       1.996802528149e+04 
       7.283885427573e-03       2.022330101790e+04 
       7.453548914611e-03       2.047729549767e+04 
       7.627164371944e-03       2.072983201468e+04 
       7.804823852783e-03       2.097976171872e+04 
       7.986621554539e-03       2.122746194774e+04 
       8.172653868758e-03       2.147251933092e+04 
       8.363019432236e-03       2.171566149630e+04 
       8.557819179315e-03       2.195479910753e+04 
       8.757156395399e-03       2.219056689594e+04 
       8.961136771719e-03       2.242152025277e+04 
       9.169868461369e-03       2.264935235547e+04 
       9.383462136655e-03       2.287350976097e+04 
       9.602031047771e-03       2.309123828317e+04 
       9.825691082846e-03       2.330551804182e+04 
       1.005456082939e-02       2.351227562734e+04 
       1.028876163718e-02       2.371497600790e+04 
       1.052841768257e-02       2.391035640255e+04 
       1.077365603438e-02       2.410044920472e+04 
       1.102460672122e-02       2.428171147283e+04 
       1.128140280048e-02       2.445677916608e+04 
       1.154418042883e-02       2.462427269969e+04 
       1.181307893444e-02       2.478284883731e+04 
       1.208824089088e-02       2.493277751578e+04 
       1.236981219263e-02       2.507298644450e+04 
       1.265794213255e-02       2.520490068542e+04 
       1.295278348094e-02       2.532488103168e+04 
       1.325449256657e-02       2.543715017878e+04 
       1.356322935961e-02       2.553611593681e+04 
       1.387915755639e-02       2.562524751747e+04 
       1.420244466621e-02       2.570283030912e+04 
       1.453326210019e-02       2.576759675461e+04 
       1.487178526212e-02       2.581971229566e+04 
       1.521819364145e-02       2.585755975279e+04 
       1.557267090851e-02       2.588350258857e+04 
       1.593540501188e-02       2.589575336735e+04 
       1.630658827804e-02       2.589406549795e+04 
       1.668641751344e-02       2.587616025722e+04 
       1.707509410885e-02       2.584430727586e+04 
       1.747282414639e-02       2.579736354120e+04 
       1.787981850899e-02       2.573453150085e+04 
       1.829629299281e-02       2.565581820049e+04 
       1.872246842262e-02       2.556133764969e+04 
       1.915857077056e-02       2.545090411636e+04 
       1.960483127898e-02       2.532271556976e+04 
       2.006148658813e-02       2.517918664223e+04 
       2.052877887008e-02       2.501769849238e+04 
       2.100695597099e-02       2.484031725016e+04 
       2.149627156466e-02       2.464677758592e+04 
       2.199698532199e-02       2.443552317578e+04 
       2.250936310248e-02       2.420901554501e+04 
       2.303367717674e-02       2.396520437297e+04 
       2.357020649215e-02       2.370606433542e+04 
       2.411923699791e-02       2.343152796062e+04 
       2.468106205076e-02       2.314184424079e+04 
       2.525598292870e-02       2.283801331640e+04 
       2.584430948679e-02       2.251985828321e+04 
       2.644636099693e-02       2.218849153285e+04 
       2.706246722101e-02       2.184507466720e+04 
       2.769296977549e-02       2.148998255459e+04 
       2.833822385199e-02       2.112417002409e+04 
       2.899860036522e-02       2.074868327263e+04 
       2.967448860299e-02       2.036485799782e+04 
       3.036629945394e-02       1.997382079718e+04 
       3.107446928608e-02       1.957686956814e+04 
       3.179946454091e-02       1.917483814045e+04 
       3.254178709612e-02       1.876942732908e+04 
       3.330198043088e-02       1.836172855667e+04 
       3.408063660488e-02       1.795348775149e+04 
       3.487840403366e-02       1.754578418825e+04 
       3.569599600992e-02       1.714026488745e+04 
       3.653419988522e-02       1.673803362209e+04 
       3.739388678861e-02       1.634069483727e+04 
       3.827602172115e-02       1.594944904530e+04 
       3.918167382851e-02       1.556553001865e+04 
       4.011202661975e-02       1.519033337685e+04 
       4.106838787014e-02       1.482484993891e+04 
       4.205219892026e-02       1.447023385488e+04 
       4.306504306417e-02       1.412734273920e+04 
       4.410865270696e-02       1.379710869514e+04 
       4.518491496736e-02       1.348034436411e+04 
       4.629587540660e-02       1.317739491200e+04 
       4.744373958187e-02       1.288881053577e+04 
       4.863087215392e-02       1.261483610689e+04 
       4.985979332620e-02       1.235507084092e+04 
       5.113317246011e-02       1.210957521712e+04 
       5.245381879808e-02       1.187720319005e+04 
       5.382466933384e-02       1.165677375996e+04 
       5.524877399499e-02       1.144665770101e+04 
       5.672927844060e-02       1.124459544365e+04 
       5.826940491871e-02       1.104808205994e+04 
       5.987243176328e-02       1.085357729631e+04 
       6.154167222490e-02       1.065681952577e+04 
       6.328045341150e-02       1.045391970070e+04 
       6.509209615275e-02       1.023995944205e+04 
       6.697989658899e-02       1.000972284415e+04 
       6.894711021908e-02       9.758657196383e+03 
       7.099693902718e-02       9.482491642577e+03 
       7.313252215591e-02       9.178294441961e+03 
       7.535693041623e-02       8.844484464174e+03 
       7.767316474060e-02       8.482253121583e+03 
       8.008415850998e-02       8.093626708107e+03 
       8.259278353130e-02       7.685173957154e+03 
       8.520185931990e-02       7.264339299548e+03 
       8.791416525423e-02       6.841670887158e+03 
       9.073245512044e-02       6.428166793085e+03 
       9.365947354637e-02       6.035655341989e+03 
       9.669797383482e-02       5.674509942554e+03 
       9.985073673579e-02       5.353309555121e+03 
       1.031205897416e-01       5.077104122024e+03 
       1.065104265402e-01       4.847587279157e+03 
       1.100232263150e-01       4.661453077608e+03 
       1.136620726344e-01       4.510925718125e+03 
       1.174301717198e-01       4.384340732771e+03 
       1.213308699257e-01       4.267021066495e+03 
       1.253676703013e-01       4.143233425031e+03 
       1.295442481306e-01       3.998492571070e+03 
       1.338644653713e-01       3.823909941970e+03 
       1.383323839238e-01       3.617146204335e+03 
       1.429522776709e-01       3.384979252642e+03 
       1.477286432265e-01       3.141183381533e+03 
       1.526662093234e-01       2.903328233862e+03 
       1.577699447567e-01       2.688556715334e+03 
       1.630450647798e-01       2.509251725021e+03 
       1.684970358198e-01       2.369881807393e+03 
       1.741315783516e-01       2.265973546411e+03 
       1.799546677292e-01       2.185126261826e+03 
       1.859725327328e-01       2.111444204167e+03 
       1.921916515485e-01       2.027063270156e+03 
       1.986187448451e-01       1.921252392164e+03 
       2.052607655714e-01       1.794973810254e+03 
       2.121248850460e-01       1.660232039451e+03 
       2.192184748709e-01       1.532390600848e+03 
       2.265490841614e-01       1.424080168285e+03 
       2.341244115552e-01       1.340349717654e+03 
       2.419522714495e-01       1.276760935173e+03 
       2.500405539151e-01       1.221092024289e+03 
       2.583971777616e-01       1.160514842461e+03 
       2.670300362815e-01       1.089270816217e+03 
       2.759469352943e-01       1.010914167274e+03 
       2.851555232430e-01       9.358279663100e+02 
       2.946632132861e-01       8.729281404658e+02 
       3.044770975756e-01       8.229209916162e+02 
       3.146038542281e-01       7.796994382900e+02 
       3.250496478846e-01       7.354452826652e+02 
       3.358200252253e-01       6.871753823016e+02 
       3.469198073447e-01       6.387251823973e+02 
       3.583529815070e-01       5.953478826769e+02 
       3.701225954638e-01       5.589237180363e+02 
       3.822306582039e-01       5.261968913995e+02 
       3.946780516793e-01       4.936445657539e+02 
       4.074644586560e-01       4.608477551913e+02 
       4.205883122963e-01       4.301252400341e+02 
       4.340467733210e-01       4.028082715753e+02 
       4.478357405165e-01       3.782280498157e+02 
       4.619498998650e-01       3.546797389586e+02 
       4.763828165964e-01       3.318577854368e+02 
       4.911270729497e-01       3.106400165181e+02 
       5.061744523860e-01       2.914846602969e+02 
       5.215161684808e-01       2.737056101218e+02 
       5.371431338941e-01       2.567765642515e+02 
       5.530462618844e-01       2.409492140292e+02 
       5.692167900913e-01       2.263764717087e+02 
       5.856466140626e-01       2.128764036236e+02 
       6.023286165473e-01       2.002196570397e+02 
       6.192569781354e-01       1.883674028742e+02 
       6.364274555158e-01       1.773773398581e+02 
       6.538376153987e-01       1.671617509718e+02 
       6.714870148561e-01       1.575934382518e+02 
       6.893773221543e-01       1.486449245627e+02 
       7.075123757507e-01       1.403062110852e+02 
       7.258981826243e-01       1.325081474580e+02 
       7.445428601958e-01       1.251925234595e+02 
       7.634565285417e-01       1.183373487839e+02 
       7.826511613116e-01       1.119104990625e+02 
       8.021404046972e-01       1.058723323580e+02 
       8.219393740588e-01       1.001905127097e+02 
       8.420644375153e-01       9.484164961243e+01 
       8.625329950905e-01       8.980328946011e+01 
       8.833632610339e-01       8.505174981677e+01 
       9.045740558061e-01       8.056638634726e+01 
       9.261846130485e-01       7.632846748199e+01 
       9.482144056854e-01       7.232094102751e+01 
       9.706829941871e-01       6.853012015299e+01 
       9.936098989660e-01       6.494156792338e+01 
       1.017014497898e+00       6.154413371118e+01 
       1.040915949062e+00       5.832382961964e+01 
       1.065333137982e+00       5.526928837759e+01 
       1.090284647951e+00       5.237530788473e+01 
       1.115788751400e+00       4.962950901489e+01 
       1.141863419847e+00       4.702617759317e+01 
       1.168526349568e+00       4.455577044391e+01 
       1.195794999990e+00       4.221310120974e+01 
       1.223686641746e+00       3.999135498515e+01 
       1.252218411397e+00       3.788155538602e+01 
       1.281407370089e+00       3.588066744630e+01 
       1.311270563662e+00       3.398209548341e+01 
       1.341825082159e+00       3.218065959871e+01 
       1.373088117064e+00       3.047269735078e+01 
       1.405077015057e+00       2.885265555032e+01 
       1.437809327465e+00       2.731599892349e+01 
       1.471302854987e+00       2.585881783567e+01 
       1.505575687557e+00       2.447747057437e+01 
       1.540646239518e+00       2.316721264366e+01 
       1.576533280422e+00       2.192590226243e+01 
       1.613255961917e+00       2.074833992255e+01 
       1.650833841278e+00       1.963273575695e+01 
       1.689286902102e+00       1.857546442200e+01 
       1.728635572733e+00       1.757303110059e+01 
       1.768900742911e+00       1.662375868606e+01 
       1.810103779074e+00       1.572412147911e+01 
       1.852266538707e+00       1.487202259478e+01 
       1.895411384040e+00       1.406534008487e+01 
       1.939561195353e+00       1.330057450444e+01 
       1.984739384072e+00       1.257670851285e+01 
       2.030969905827e+00       1.189115680916e+01 
       2.078277273560e+00       1.124205053803e+01 
       2.126686570783e+00       1.062757497094e+01 
       2.176223465037e+00       1.004590922418e+01 
       2.226914221600e+00       9.495428320888e+00 
       2.278785717468e+00       8.974179387136e+00 
       2.331865455641e+00       8.481187164731e+00 
       2.386181579720e+00       8.014448881912e+00 
       2.441762888847e+00       7.572879282041e+00 
       2.498638852973e+00       7.154954551205e+00 
       2.556839628490e+00       6.759687658228e+00 
       2.616396074220e+00       6.385818874241e+00 
       2.677339767781e+00       6.032350446344e+00 
       2.739703022325e+00       5.697679196905e+00 
       2.803518903676e+00       5.381502990526e+00 
       2.868821247858e+00       5.082281747133e+00 
       2.935644679039e+00       4.799434248460e+00 
       3.004024627887e+00       4.532004956823e+00 
       3.073997350356e+00       4.279264118483e+00 
       3.145599946909e+00       4.040252251707e+00 
       3.218870382190e+00       3.814394715560e+00 
       3.293847505155e+00       3.600866570532e+00 
       3.370571069667e+00       3.399227148763e+00 
       3.449081755574e+00       3.208503516395e+00 
       3.529421190283e+00       3.028317039370e+00 
       3.611631970823e+00       2.858103833164e+00 
       3.695757686441e+00       2.697241131502e+00 
       3.781842941703e+00       2.545235096556e+00 
       3.869933380151e+00       2.401691783417e+00 
       3.960075708502e+00       2.266133752804e+00 
       4.052317721411e+00       2.137962121046e+00 
       4.146708326815e+00       2.016987424030e+00 
       4.243297571862e+00       1.902761733310e+00 
       4.342136669448e+00       1.794975225915e+00 
       4.443278025372e+00       1.693067158222e+00 
       4.546775266118e+00       1.596906639175e+00 
       4.652683267294e+00       1.506158945855e+00 
       4.761058182724e+00       1.420433399913e+00 
       4.871957474222e+00       1.339486165074e+00 
       4.985439942061e+00       1.263157256857e+00 
       5.101565756148e+00       1.191028657861e+00 
       5.220396487926e+00       1.123010010190e+00 
       5.341995143021e+00       1.058802808938e+00 
       5.466426194652e+00       9.981997131675e-01 
       5.593755617807e+00       9.410307495921e-01 
       5.724050924233e+00       8.871065708999e-01 
       5.857381198226e+00       8.361839609393e-01 
       5.993817133262e+00       7.881803262787e-01 
       6.133431069479e+00       7.428508421880e-01 
       6.276297032035e+00       7.001078329726e-01 
       6.422490770354e+00       6.598278006208e-01 
       6.572089798291e+00       6.218136808973e-01 
       6.725173435231e+00       5.859522993436e-01 
       6.881822848144e+00       5.520986199466e-01 
       7.042121094624e+00       5.201946926185e-01 
       7.206153166921e+00       4.901517278373e-01 
       7.374006037012e+00       4.617841184263e-01 
       7.545768702710e+00       4.350496218090e-01 
       7.721532234855e+00       4.098278796101e-01 
       7.901389825597e+00       3.860510061157e-01 
       8.085436837812e+00       3.636514138625e-01 
       8.273770855661e+00       3.425335651746e-01 
       8.466491736335e+00       3.226155255795e-01 
       8.663701662995e+00       3.038538599755e-01 
       8.865505198953e+00       2.861532162613e-01 
       9.072009343118e+00       2.694916903987e-01 
       9.283323586718e+00       2.537723563115e-01 
       9.499559971363e+00       2.389674611558e-01 
       9.720833148447e+00       2.250145855617e-01 
       9.947260439936e+00       2.118648149629e-01 
       1.017896190058e+01       1.994817047640e-01 
       1.041606038155e+01       1.878091337085e-01 
       1.065868159562e+01       1.768126873425e-01 
       1.090695418375e+01       1.664510549889e-01 
       1.116100978336e+01       1.566898972070e-01 
       1.142098309808e+01       1.474956398489e-01 
       1.168701196923e+01       1.388353591843e-01 
       1.195923744881e+01       1.306777632941e-01 
       1.223780387439e+01       1.229947739846e-01 
       1.252285894557e+01       1.157588088008e-01 
       1.281455380232e+01       1.089435199235e-01 
       1.311304310512e+01       1.025243082444e-01 
       1.341848511695e+01       9.648069874012e-02 
       1.373104178719e+01       9.079011592702e-02 
       1.405087883755e+01       8.543033161347e-02 
       1.437816584985e+01       8.038513603465e-02 
       1.471307635600e+01       7.563436180017e-02 
       1.505578792999e+01       7.116110803265e-02 
       1.540648228202e+01       6.695052954216e-02 
       1.576534535489e+01       6.298659834781e-02 
       1.613256742255e+01       5.925424382238e-02 
       1.650834319099e+01       5.574063372000e-02 
       1.689287190150e+01       5.243421579757e-02 
       1.728635743631e+01       4.932236065458e-02 
       1.768900842663e+01       4.639302811931e-02 
       1.810103836337e+01       4.363586816341e-02 
       1.852266571024e+01       4.104103657544e-02 
       1.895411401965e+01       3.859903964039e-02 
       1.939561205120e+01       3.630090462276e-02 
       1.984739389298e+01       3.413850538514e-02 
       2.030969908573e+01       3.210349572265e-02 
       2.078277274976e+01       3.018884591607e-02 
       2.126686571499e+01       2.838749049823e-02 
       2.176223465392e+01       2.669208913180e-02 
       2.226914221773e+01       2.509799048900e-02 
       2.278785717551e+01       2.359756236828e-02 
       2.331865455679e+01       2.218631944538e-02 
       2.386181579738e+01       2.085824539517e-02 
       2.441762888855e+01       1.960921901978e-02 
       2.498638852977e+01       1.843453740153e-02 
       2.556839628491e+01       1.732915415344e-02 
       2.616396074221e+01       1.628947127235e-02 
       2.677339767781e+01       1.531219633758e-02 
       2.739703022325e+01       1.439249640117e-02 
       2.803518903676e+01       1.352780993432e-02 
       2.868821247858e+01       1.271446533063e-02 
       2.935644679039e+01       1.194959860136e-02 
       3.004024627887e+01       1.123045646461e-02 
       3.073997350356e+01       1.055407137244e-02 
       3.145599946909e+01       9.918058532612e-03 
       3.218870382190e+01       9.319906475059e-03 
       3.293847505155e+01       8.757810983565e-03 
       3.370571069667e+01       8.229099730989e-03 
       3.449081755574e+01       7.732144853629e-03 
       3.529421190283e+01       7.264874349006e-03 
       3.611631970823e+01       6.825626800306e-03 
       3.695757686441e+01       6.412632668871e-03 
       3.781842941703e+01       6.024406356309e-03 
       3.869933380151e+01       5.659463071194e-03 
       3.960075708502e+01       5.316500115502e-03 
       4.052317721411e+01       4.993938690540e-03 
       4.146708326815e+01       4.690970688603e-03 
       4.243297571862e+01       4.406139765485e-03 
       4.342136669448e+01       4.138414946161e-03 
       4.443278025372e+01       3.886858653608e-03 
       4.546775266118e+01       3.650268555901e-03 
       4.652683267294e+01       3.428121412578e-03 
       4.761058182724e+01       3.219273906044e-03 
       4.871957474222e+01       3.022999584617e-03 
       4.985439942061e+01       2.838650463381e-03 
       5.101565756148e+01       2.665384225722e-03 
       5.220396487926e+01       2.502607730132e-03 
       5.341995143021e+01       2.349659902886e-03 
       5.466426194652e+01       2.205892326317e-03 
       5.593755617807e+01       2.070890691621e-03 
       5.724050924233e+01       1.944079777450e-03 
       5.857381198226e+01       1.824903100933e-03 
       5.993817133262e+01       1.712960751937e-03 
       6.133431069479e+01       1.607789073261e-03 
       6.276297032035e+01       1.509046938011e-03 
       6.422490770354e+01       1.416254583909e-03 
       6.572089798291e+01       1.329107808154e-03 
       6.725173435231e+01       1.247251853420e-03 
       6.881822848144e+01       1.170368063886e-03 
       7.042121094624e+01       1.098153167099e-03 
       7.206153166921e+01       1.030351908855e-03 
       7.374006037012e+01       9.666632265210e-04 
       7.545768702710e+01       9.068640126469e-04 
       7.721532234855e+01       8.507182726346e-04 
       7.901389825597e+01       7.979911793298e-04 
       8.085436837812e+01       7.484836961291e-04 
       8.273770855661e+01       7.019948344676e-04 
       8.466491736335e+01       6.583555427254e-04 
       8.663701662995e+01       6.173748182880e-04 
       8.865505198953e+01       5.788967790200e-04 
       9.072009343118e+01       5.427921803968e-04 
       9.283323586718e+01       5.088885845075e-04 
       9.499559971363e+01       4.770524814314e-04 
       9.720833148447e+01       4.471823848183e-04 
       9.947260439936e+01       4.191394119649e-04 
       1.017896190058e+02       3.928546353974e-04 
       1.041606038155e+02       3.681606962679e-04 
       1.065868159562e+02       3.449816435920e-04 
       1.090695418375e+02       3.232341158853e-04 
       1.116100978336e+02       3.028307656175e-04 
       1.142098309808e+02       2.836770807743e-04 
       1.168701196923e+02       2.657156220189e-04 
       1.195923744881e+02       2.488430080340e-04 
       1.223780387439e+02       2.330303516387e-04 
       1.252285894557e+02       2.182082137566e-04 
       1.281455380232e+02       2.042819209243e-04 
       1.311304310512e+02       1.912443173971e-04 
       1.341848511695e+02       1.789971395315e-04 
       1.373104178719e+02       1.675190478719e-04 
       1.405087883755e+02       1.567480022927e-04 
       1.437816584985e+02       1.466556392790e-04 
       1.471307635600e+02       1.371896299730e-04 
       1.505578792999e+02       1.283168634151e-04 
       1.540648228202e+02       1.199961778350e-04 
       1.576534535489e+02       1.121947111274e-04 
       1.613256742255e+02       1.048855437825e-04 
       1.650834319099e+02       9.803384285098e-05 
       1.689287190150e+02       9.161403295867e-05 
       1.728635743631e+02       8.559912477355e-05 
       1.768900842663e+02       7.996273361114e-05 
       1.810103836337e+02       7.467917582602e-05 
       1.852266571024e+02       6.973056196878e-05 
       1.895411401965e+02       6.509840770668e-05 
       1.939561205120e+02       6.076329780345e-05 
       1.984739389298e+02       5.670126949676e-05 
       2.030969908573e+02       5.289889022511e-05 
       2.078277274976e+02       4.933974027947e-05 
       2.126686571499e+02       4.600795706132e-05 
       2.176223465392e+02       4.288996182250e-05 
       2.226914221773e+02       3.997349135024e-05 
       2.278785717551e+02       3.724551470715e-05 
       2.331865455679e+02       3.469385031924e-05 
       2.386181579738e+02       3.230802599883e-05 
       2.441762888855e+02       3.007810784866e-05 
       2.498638852977e+02       2.799252123172e-05 
       2.556839628491e+02       2.604408767596e-05 
       2.616396074221e+02       2.422486156648e-05 
       2.677339767781e+02       2.252487933118e-05 
       2.739703022325e+02       2.093789007854e-05 
       2.803518903676e+02       1.945658494562e-05 
       2.868821247858e+02       1.807348662144e-05 
       2.935644679039e+02       1.678327146669e-05 
       3.004024627887e+02       1.557964541534e-05 
       3.073997350356e+02       1.445865454028e-05 
       3.145599946909e+02       1.341253419917e-05 
       3.218870382190e+02       1.243830406249e-05 
       3.293847505155e+02       1.153066125315e-05 
       3.370571069667e+02       1.068590345103e-05 
       3.449081755574e+02       9.899465982995e-06 
       3.529421190283e+02       9.167855796217e-06 
       3.611631970823e+02       8.487477139750e-06 
       3.695757686441e+02       7.855108788644e-06 
       3.781842941703e+02       7.267448993592e-06 
       3.869933380151e+02       6.721547658547e-06 
       3.960075708502e+02       6.215007022492e-06 
       4.052317721411e+02       5.744765349223e-06 
       4.146708326815e+02       5.308689476943e-06 
       4.243297571862e+02       4.904307486822e-06 
       4.342136669448e+02       4.529608313207e-06 
       4.443278025372e+02       4.182638943171e-06 
       4.546775266118e+02       3.861438888919e-06 
       4.652683267294e+02       3.564255763212e-06 
       4.761058182724e+02       3.289396354650e-06 
       4.871957474222e+02       3.035189469711e-06 
       4.985439942061e+02       2.800474140615e-06 
       5.101565756148e+02       2.583609335830e-06 
       5.220396487926e+02       2.383477760916e-06 
       5.341995143021e+02       2.198882178241e-06 
       5.466426194652e+02       2.028489413137e-06 
       5.593755617807e+02       1.871480442966e-06 
       5.724050924233e+02       1.726699570226e-06 
       5.857381198226e+02       1.593363569148e-06 
       5.993817133262e+02       1.470603870607e-06 
       6.133431069479e+02       1.357565130018e-06 
       6.276297032035e+02       1.253499802192e-06 
       6.422490770354e+02       1.157713047077e-06 
       6.572089798291e+02       1.069610843877e-06 
       6.725173435231e+02       9.885641135255e-07 
       6.881822848144e+02       9.139784301785e-07 
       7.042121094624e+02       8.453790629391e-07 
       7.206153166921e+02       7.822535539223e-07 
       7.374006037012e+02       7.241612864560e-07 
       7.545768702710e+02       6.707228537909e-07 
       7.721532234855e+02       6.215354452458e-07 
       7.901389825597e+02       5.762114945607e-07 
       8.085436837812e+02       5.344376474486e-07 
       8.273770855661e+02       4.959500341129e-07 
       8.466491736335e+02       4.604113381076e-07 
       8.663701662995e+02       4.276132088055e-07 
       8.865505198953e+02       3.972997462027e-07 
       9.072009343118e+02       3.692669505850e-07 
       9.283323586718e+02       3.433065894389e-07 
       9.499559971363e+02       3.192517272322e-07 
       9.720833148446e+02       2.969440160294e-07 
       9.947260439936e+02       2.762055602079e-07 
       1.017896190058e+03       2.569337651194e-07 
       1.041606038155e+03       2.389949737514e-07 
       1.065868159562e+03       2.222849443399e-07 
       1.090695418375e+03       2.067121442836e-07 
       1.116100978336e+03       1.921848467300e-07 
       1.142098309808e+03       1.786323730719e-07 
       1.168701196923e+03       1.659805389835e-07 
       1.195923744881e+03       1.541786642102e-07 
       1.223780387439e+03       1.431622403541e-07 
       1.252285894557e+03       1.328923172569e-07 
       1.281455380232e+03       1.233203849540e-07 
       1.311304310512e+03       1.144106024672e-07 
       1.341848511695e+03       1.061259008243e-07 
       1.373104178719e+03       9.842916387900e-08 
       1.405087883755e+03       9.129470947734e-08 
       1.437816584985e+03       8.468847726855e-08 
       1.471307635600e+03       7.858115989417e-08 
       1.505578792999e+03       7.294421397987e-08 
       1.540648228202e+03       6.774953232390e-08 
       1.576534535489e+03       6.297026050210e-08 
       1.613256742255e+03       5.857534541641e-08 
       1.650834319099e+03       5.453640132026e-08 
       1.689287190150e+03       5.082654746505e-08 
       1.728635743631e+03       4.741549332284e-08 
       1.768900842663e+03       4.427518230834e-08 
       1.810103836337e+03       4.137688075634e-08 
       1.852266571024e+03       3.869579651214e-08 
       1.895411401965e+03       3.620524334650e-08 
       1.939561205120e+03       3.388536728361e-08 
       1.984739389298e+03       3.171362351076e-08 
       2.030969908573e+03       2.967276238639e-08 
       2.078277274976e+03       2.774808986071e-08 
       2.126686571499e+03       2.592841083142e-08 
       2.176223465392e+03       2.420448982458e-08 
       2.226914221773e+03       2.257289880033e-08 
       2.278785717551e+03       2.102943592882e-08 
       2.331865455679e+03       1.957479801052e-08 
       2.386181579738e+03       1.820905375172e-08 
       2.441762888855e+03       1.693442228065e-08 
       2.498638852977e+03       1.575323020112e-08 
       2.556839628491e+03       1.466421886190e-08 
       2.616396074221e+03       1.366530733782e-08 
       2.677339767781e+03       1.275388991272e-08 
       2.739703022325e+03       1.192237245704e-08 
       2.803518903676e+03       1.116297255842e-08 
       2.868821247858e+03       1.046591085585e-08 
       2.935644679039e+03       9.819929340490e-09 
       3.004024627887e+03       9.214860490819e-09 
       3.073997350356e+03       8.641559234709e-09 
       3.145599946909e+03       8.093103110409e-09 
       3.218870382190e+03       7.566132522824e-09 
       3.293847505155e+03       7.059937342929e-09 
       3.370571069667e+03       6.576930666407e-09 
       3.449081755574e+03       6.120919998223e-09 
       3.529421190283e+03       5.696952364961e-09 
       3.611631970823e+03       5.308336284805e-09 
       3.695757686441e+03       4.956420103093e-09 
       3.781842941703e+03       4.639575675862e-09 
       3.869933380151e+03       4.353370687836e-09 
       3.960075708502e+03       4.090618265811e-09 
       4.052317721411e+03       3.844252973288e-09 
       4.146708326815e+03       3.607274091904e-09 
       4.243297571862e+03       3.375980935808e-09 
       4.342136669448e+03       3.149954430297e-09 
       4.443278025372e+03       2.932265301130e-09 
       4.546775266118e+03       2.728161003249e-09 
       4.652683267294e+03       2.542163461133e-09 
       4.761058182724e+03       2.376773465068e-09 
       4.871957474222e+03       2.230559965801e-09 
       4.985439942061e+03       2.098631938583e-09 
       5.101565756148e+03       1.974549562484e-09 
       5.220396487926e+03       1.852473394390e-09 
       5.341995143021e+03       1.730221328588e-09 
       5.466426194652e+03       1.609937964094e-09 
       5.593755617807e+03       1.496788508837e-09 
       5.724050924233e+03       1.395782574751e-09 
       5.857381198226e+03       1.308666084508e-09 
       5.993817133262e+03       1.232491377579e-09 
       6.133431069479e+03       1.161211283275e-09 
       6.276297032035e+03       1.089224176681e-09 
       6.422490770354e+03       1.015058676587e-09 
       6.572089798291e+03       9.424680883942e-10 
       6.725173435231e+03       8.772266787264e-10 
       6.881822848144e+03       8.226184274962e-10 
       7.042121094624e+03       7.762673082643e-10 
       7.206153166921e+03       7.319047125950e-10 
       7.374006037012e+03       6.844636831198e-10 
       7.545768702710e+03       6.350528758480e-10 
