#  r [Mpc/h]	 xi(r)
1.000000e+01	 3.134683e-01	
1.006022e+01	 3.104039e-01	
1.012079e+01	 3.073233e-01	
1.018174e+01	 3.042438e-01	
1.024305e+01	 3.013194e-01	
1.030472e+01	 2.982738e-01	
1.036677e+01	 2.953999e-01	
1.042920e+01	 2.924623e-01	
1.049200e+01	 2.895515e-01	
1.055518e+01	 2.866867e-01	
1.061873e+01	 2.837819e-01	
1.068268e+01	 2.809346e-01	
1.074700e+01	 2.781377e-01	
1.081171e+01	 2.754003e-01	
1.087682e+01	 2.726278e-01	
1.094231e+01	 2.698943e-01	
1.100820e+01	 2.671656e-01	
1.107449e+01	 2.644038e-01	
1.114117e+01	 2.618150e-01	
1.120826e+01	 2.591126e-01	
1.127575e+01	 2.564607e-01	
1.134365e+01	 2.538571e-01	
1.141195e+01	 2.513014e-01	
1.148067e+01	 2.487910e-01	
1.154980e+01	 2.461765e-01	
1.161935e+01	 2.437141e-01	
1.168932e+01	 2.412384e-01	
1.175970e+01	 2.387631e-01	
1.183052e+01	 2.362942e-01	
1.190175e+01	 2.338044e-01	
1.197342e+01	 2.314628e-01	
1.204552e+01	 2.290155e-01	
1.211805e+01	 2.266303e-01	
1.219102e+01	 2.242799e-01	
1.226443e+01	 2.219736e-01	
1.233828e+01	 2.197023e-01	
1.241257e+01	 2.173569e-01	
1.248732e+01	 2.150924e-01	
1.256251e+01	 2.128597e-01	
1.263816e+01	 2.106114e-01	
1.271426e+01	 2.083859e-01	
1.279082e+01	 2.062490e-01	
1.286784e+01	 2.040275e-01	
1.294532e+01	 2.018576e-01	
1.302327e+01	 1.997205e-01	
1.310169e+01	 1.976152e-01	
1.318058e+01	 1.955595e-01	
1.325995e+01	 1.934248e-01	
1.333980e+01	 1.913687e-01	
1.342012e+01	 1.893322e-01	
1.350093e+01	 1.872864e-01	
1.358223e+01	 1.853019e-01	
1.366401e+01	 1.833040e-01	
1.374629e+01	 1.813608e-01	
1.382907e+01	 1.793993e-01	
1.391234e+01	 1.774622e-01	
1.399611e+01	 1.754992e-01	
1.408039e+01	 1.736238e-01	
1.416517e+01	 1.716962e-01	
1.425047e+01	 1.698216e-01	
1.433628e+01	 1.679731e-01	
1.442261e+01	 1.661755e-01	
1.450945e+01	 1.643060e-01	
1.459682e+01	 1.625273e-01	
1.468472e+01	 1.607440e-01	
1.477314e+01	 1.589474e-01	
1.486210e+01	 1.571986e-01	
1.495159e+01	 1.554527e-01	
1.504162e+01	 1.537520e-01	
1.513220e+01	 1.520396e-01	
1.522331e+01	 1.503151e-01	
1.531498e+01	 1.486594e-01	
1.540720e+01	 1.469648e-01	
1.549998e+01	 1.453212e-01	
1.559331e+01	 1.436825e-01	
1.568721e+01	 1.420959e-01	
1.578167e+01	 1.404637e-01	
1.587670e+01	 1.388981e-01	
1.597230e+01	 1.373214e-01	
1.606848e+01	 1.357380e-01	
1.616523e+01	 1.342296e-01	
1.626257e+01	 1.326690e-01	
1.636050e+01	 1.311476e-01	
1.645901e+01	 1.296629e-01	
1.655812e+01	 1.281801e-01	
1.665783e+01	 1.267062e-01	
1.675813e+01	 1.252329e-01	
1.685904e+01	 1.237995e-01	
1.696056e+01	 1.223593e-01	
1.706269e+01	 1.209441e-01	
1.716543e+01	 1.195226e-01	
1.726879e+01	 1.181404e-01	
1.737278e+01	 1.167661e-01	
1.747739e+01	 1.153884e-01	
1.758263e+01	 1.140216e-01	
1.768850e+01	 1.126891e-01	
1.779501e+01	 1.113812e-01	
1.790217e+01	 1.100430e-01	
1.800997e+01	 1.087330e-01	
1.811841e+01	 1.074500e-01	
1.822751e+01	 1.061951e-01	
1.833727e+01	 1.049103e-01	
1.844769e+01	 1.036506e-01	
1.855877e+01	 1.024244e-01	
1.867053e+01	 1.011956e-01	
1.878295e+01	 9.998935e-02	
1.889605e+01	 9.878348e-02	
1.900984e+01	 9.758666e-02	
1.912430e+01	 9.639132e-02	
1.923946e+01	 9.521462e-02	
1.935531e+01	 9.405704e-02	
1.947186e+01	 9.293391e-02	
1.958911e+01	 9.177541e-02	
1.970707e+01	 9.065320e-02	
1.982574e+01	 8.954244e-02	
1.994512e+01	 8.846158e-02	
2.006522e+01	 8.736761e-02	
2.018604e+01	 8.629074e-02	
2.030759e+01	 8.521349e-02	
2.042987e+01	 8.416222e-02	
2.055289e+01	 8.310970e-02	
2.067665e+01	 8.208260e-02	
2.080116e+01	 8.103302e-02	
2.092641e+01	 8.002421e-02	
2.105242e+01	 7.901362e-02	
2.117919e+01	 7.803532e-02	
2.130672e+01	 7.703396e-02	
2.143502e+01	 7.606010e-02	
2.156409e+01	 7.511440e-02	
2.169394e+01	 7.414036e-02	
2.182457e+01	 7.319541e-02	
2.195599e+01	 7.227131e-02	
2.208820e+01	 7.134113e-02	
2.222120e+01	 7.043244e-02	
2.235501e+01	 6.951535e-02	
2.248962e+01	 6.863783e-02	
2.262504e+01	 6.774498e-02	
2.276128e+01	 6.687315e-02	
2.289833e+01	 6.598525e-02	
2.303622e+01	 6.513118e-02	
2.317493e+01	 6.427612e-02	
2.331448e+01	 6.345373e-02	
2.345487e+01	 6.261585e-02	
2.359610e+01	 6.179807e-02	
2.373819e+01	 6.096568e-02	
2.388113e+01	 6.016495e-02	
2.402493e+01	 5.936311e-02	
2.416959e+01	 5.859189e-02	
2.431513e+01	 5.781094e-02	
2.446155e+01	 5.703752e-02	
2.460884e+01	 5.626718e-02	
2.475703e+01	 5.550910e-02	
2.490610e+01	 5.477503e-02	
2.505607e+01	 5.402197e-02	
2.520695e+01	 5.329178e-02	
2.535873e+01	 5.258392e-02	
2.551143e+01	 5.185799e-02	
2.566505e+01	 5.115565e-02	
2.581959e+01	 5.046034e-02	
2.597507e+01	 4.977441e-02	
2.613148e+01	 4.908523e-02	
2.628883e+01	 4.841047e-02	
2.644713e+01	 4.774034e-02	
2.660638e+01	 4.708651e-02	
2.676659e+01	 4.642880e-02	
2.692776e+01	 4.578672e-02	
2.708991e+01	 4.513880e-02	
2.725303e+01	 4.451303e-02	
2.741714e+01	 4.388164e-02	
2.758223e+01	 4.327573e-02	
2.774832e+01	 4.266427e-02	
2.791541e+01	 4.205501e-02	
2.808350e+01	 4.145706e-02	
2.825260e+01	 4.087382e-02	
2.842273e+01	 4.028776e-02	
2.859388e+01	 3.971129e-02	
2.876606e+01	 3.915376e-02	
2.893927e+01	 3.858829e-02	
2.911353e+01	 3.803593e-02	
2.928884e+01	 3.748431e-02	
2.946520e+01	 3.694510e-02	
2.964263e+01	 3.639777e-02	
2.982112e+01	 3.586813e-02	
3.000069e+01	 3.535474e-02	
3.018134e+01	 3.483247e-02	
3.036308e+01	 3.432748e-02	
3.054591e+01	 3.381572e-02	
3.072984e+01	 3.332141e-02	
3.091488e+01	 3.282021e-02	
3.110104e+01	 3.233302e-02	
3.128831e+01	 3.186188e-02	
3.147672e+01	 3.138514e-02	
3.166626e+01	 3.091252e-02	
3.185693e+01	 3.045293e-02	
3.204876e+01	 2.998731e-02	
3.224174e+01	 2.954170e-02	
3.243589e+01	 2.908918e-02	
3.263120e+01	 2.865386e-02	
3.282769e+01	 2.821677e-02	
3.302537e+01	 2.778156e-02	
3.322423e+01	 2.735858e-02	
3.342429e+01	 2.693432e-02	
3.362555e+01	 2.651884e-02	
3.382803e+01	 2.611657e-02	
3.403173e+01	 2.571213e-02	
3.423665e+01	 2.530533e-02	
3.444281e+01	 2.491131e-02	
3.465021e+01	 2.452816e-02	
3.485885e+01	 2.414317e-02	
3.506876e+01	 2.375978e-02	
3.527993e+01	 2.338573e-02	
3.549236e+01	 2.301736e-02	
3.570608e+01	 2.265196e-02	
3.592109e+01	 2.229103e-02	
3.613739e+01	 2.193486e-02	
3.635499e+01	 2.158574e-02	
3.657390e+01	 2.124020e-02	
3.679413e+01	 2.089208e-02	
3.701569e+01	 2.055443e-02	
3.723858e+01	 2.022603e-02	
3.746281e+01	 1.989353e-02	
3.768840e+01	 1.957450e-02	
3.791534e+01	 1.924960e-02	
3.814365e+01	 1.893769e-02	
3.837333e+01	 1.861995e-02	
3.860440e+01	 1.831381e-02	
3.883685e+01	 1.801245e-02	
3.907071e+01	 1.771291e-02	
3.930598e+01	 1.741539e-02	
3.954266e+01	 1.712241e-02	
3.978077e+01	 1.683994e-02	
4.002031e+01	 1.655176e-02	
4.026129e+01	 1.627487e-02	
4.050373e+01	 1.599657e-02	
4.074762e+01	 1.572424e-02	
4.099298e+01	 1.545872e-02	
4.123982e+01	 1.519115e-02	
4.148815e+01	 1.493414e-02	
4.173797e+01	 1.467167e-02	
4.198930e+01	 1.441816e-02	
4.224214e+01	 1.417285e-02	
4.249650e+01	 1.392543e-02	
4.275239e+01	 1.368169e-02	
4.300983e+01	 1.343996e-02	
4.326881e+01	 1.320349e-02	
4.352936e+01	 1.297142e-02	
4.379147e+01	 1.274228e-02	
4.405516e+01	 1.251571e-02	
4.432044e+01	 1.228754e-02	
4.458732e+01	 1.206732e-02	
4.485580e+01	 1.185135e-02	
4.512590e+01	 1.163853e-02	
4.539763e+01	 1.142857e-02	
4.567099e+01	 1.121766e-02	
4.594600e+01	 1.101695e-02	
4.622267e+01	 1.081541e-02	
4.650100e+01	 1.061277e-02	
4.678101e+01	 1.042100e-02	
4.706270e+01	 1.022814e-02	
4.734609e+01	 1.003457e-02	
4.763118e+01	 9.850845e-03	
4.791800e+01	 9.666134e-03	
4.820654e+01	 9.483410e-03	
4.849681e+01	 9.303512e-03	
4.878884e+01	 9.125745e-03	
4.908262e+01	 8.954175e-03	
4.937817e+01	 8.782650e-03	
4.967551e+01	 8.616358e-03	
4.997463e+01	 8.450394e-03	
5.027555e+01	 8.283781e-03	
5.057829e+01	 8.126520e-03	
5.088285e+01	 7.967826e-03	
5.118924e+01	 7.812322e-03	
5.149748e+01	 7.655325e-03	
5.180757e+01	 7.507172e-03	
5.211953e+01	 7.359007e-03	
5.243337e+01	 7.210750e-03	
5.274910e+01	 7.067169e-03	
5.306673e+01	 6.924021e-03	
5.338627e+01	 6.785083e-03	
5.370774e+01	 6.647227e-03	
5.403114e+01	 6.515301e-03	
5.435649e+01	 6.379401e-03	
5.468380e+01	 6.249211e-03	
5.501308e+01	 6.120272e-03	
5.534434e+01	 5.994574e-03	
5.567760e+01	 5.871524e-03	
5.601287e+01	 5.749071e-03	
5.635015e+01	 5.627444e-03	
5.668946e+01	 5.509599e-03	
5.703082e+01	 5.394314e-03	
5.737423e+01	 5.276822e-03	
5.771971e+01	 5.166853e-03	
5.806727e+01	 5.055670e-03	
5.841693e+01	 4.946339e-03	
5.876869e+01	 4.839905e-03	
5.912256e+01	 4.733696e-03	
5.947857e+01	 4.628818e-03	
5.983672e+01	 4.528320e-03	
6.019703e+01	 4.429018e-03	
6.055951e+01	 4.329671e-03	
6.092417e+01	 4.232848e-03	
6.129103e+01	 4.138594e-03	
6.166009e+01	 4.045269e-03	
6.203138e+01	 3.951244e-03	
6.240491e+01	 3.863208e-03	
6.278068e+01	 3.772210e-03	
6.315871e+01	 3.686877e-03	
6.353903e+01	 3.601408e-03	
6.392163e+01	 3.516197e-03	
6.430653e+01	 3.432859e-03	
6.469376e+01	 3.351478e-03	
6.508331e+01	 3.271979e-03	
6.547521e+01	 3.193967e-03	
6.586948e+01	 3.116084e-03	
6.626611e+01	 3.038428e-03	
6.666513e+01	 2.964570e-03	
6.706656e+01	 2.891730e-03	
6.747040e+01	 2.817574e-03	
6.787668e+01	 2.748378e-03	
6.828540e+01	 2.676516e-03	
6.869658e+01	 2.609332e-03	
6.911024e+01	 2.539944e-03	
6.952639e+01	 2.474908e-03	
6.994504e+01	 2.407624e-03	
7.036622e+01	 2.344781e-03	
7.078993e+01	 2.279520e-03	
7.121620e+01	 2.218666e-03	
7.164503e+01	 2.155579e-03	
7.207644e+01	 2.096181e-03	
7.251045e+01	 2.036085e-03	
7.294707e+01	 1.976737e-03	
7.338633e+01	 1.920363e-03	
7.382822e+01	 1.862925e-03	
7.427278e+01	 1.806035e-03	
7.472002e+01	 1.750967e-03	
7.516995e+01	 1.697061e-03	
7.562259e+01	 1.643824e-03	
7.607795e+01	 1.591270e-03	
7.653605e+01	 1.540028e-03	
7.699692e+01	 1.490747e-03	
7.746056e+01	 1.440748e-03	
7.792699e+01	 1.392398e-03	
7.839623e+01	 1.344765e-03	
7.886829e+01	 1.299704e-03	
7.934320e+01	 1.254855e-03	
7.982097e+01	 1.211351e-03	
8.030161e+01	 1.169369e-03	
8.078515e+01	 1.127978e-03	
8.127160e+01	 1.089909e-03	
8.176098e+01	 1.052558e-03	
8.225331e+01	 1.018841e-03	
8.274860e+01	 9.868863e-04	
8.324687e+01	 9.569309e-04	
8.374814e+01	 9.302482e-04	
8.425244e+01	 9.076687e-04	
8.475976e+01	 8.882814e-04	
8.527015e+01	 8.724632e-04	
8.578360e+01	 8.610366e-04	
8.630015e+01	 8.531173e-04	
8.681981e+01	 8.520632e-04	
8.734260e+01	 8.555713e-04	
8.786853e+01	 8.641312e-04	
8.839764e+01	 8.781773e-04	
8.892993e+01	 8.991557e-04	
8.946542e+01	 9.259940e-04	
9.000414e+01	 9.581714e-04	
9.054610e+01	 9.977763e-04	
9.109133e+01	 1.041791e-03	
9.163984e+01	 1.091743e-03	
9.219165e+01	 1.145523e-03	
9.274678e+01	 1.204704e-03	
9.330526e+01	 1.266361e-03	
9.386710e+01	 1.330162e-03	
9.443232e+01	 1.395635e-03	
9.500095e+01	 1.461244e-03	
9.557300e+01	 1.526679e-03	
9.614850e+01	 1.588877e-03	
9.672746e+01	 1.647726e-03	
9.730991e+01	 1.701435e-03	
9.789586e+01	 1.749713e-03	
9.848534e+01	 1.791325e-03	
9.907837e+01	 1.825128e-03	
9.967498e+01	 1.849987e-03	
1.002752e+02	 1.866453e-03	
1.008790e+02	 1.873335e-03	
1.014864e+02	 1.870060e-03	
1.020975e+02	 1.857937e-03	
1.027123e+02	 1.837034e-03	
1.033308e+02	 1.806712e-03	
1.039530e+02	 1.767332e-03	
1.045790e+02	 1.720834e-03	
1.052087e+02	 1.667553e-03	
1.058422e+02	 1.607519e-03	
1.064795e+02	 1.542306e-03	
1.071207e+02	 1.472464e-03	
1.077657e+02	 1.398622e-03	
1.084147e+02	 1.322329e-03	
1.090675e+02	 1.243896e-03	
1.097242e+02	 1.164188e-03	
1.103849e+02	 1.084417e-03	
1.110496e+02	 1.004301e-03	
1.117183e+02	 9.252105e-04	
1.123910e+02	 8.479045e-04	
1.130678e+02	 7.718306e-04	
1.137486e+02	 6.979368e-04	
1.144336e+02	 6.263999e-04	
1.151226e+02	 5.576805e-04	
1.158159e+02	 4.920817e-04	
1.165132e+02	 4.291356e-04	
1.172148e+02	 3.695043e-04	
1.179206e+02	 3.132098e-04	
1.186307e+02	 2.596897e-04	
1.193450e+02	 2.094712e-04	
1.200637e+02	 1.626567e-04	
1.207866e+02	 1.183644e-04	
1.215140e+02	 7.747326e-05	
1.222457e+02	 3.911569e-05	
1.229818e+02	 3.218214e-06	
1.237223e+02	 -2.953306e-05	
1.244673e+02	 -6.039104e-05	
1.252168e+02	 -8.874506e-05	
1.259708e+02	 -1.146816e-04	
1.267293e+02	 -1.386720e-04	
1.274924e+02	 -1.607459e-04	
1.282601e+02	 -1.809207e-04	
1.290325e+02	 -1.990624e-04	
1.298094e+02	 -2.155768e-04	
1.305911e+02	 -2.304960e-04	
1.313774e+02	 -2.435883e-04	
1.321685e+02	 -2.554430e-04	
1.329644e+02	 -2.660022e-04	
1.337650e+02	 -2.753241e-04	
1.345705e+02	 -2.832203e-04	
1.353808e+02	 -2.904257e-04	
1.361960e+02	 -2.967525e-04	
1.370161e+02	 -3.021246e-04	
1.378412e+02	 -3.066622e-04	
1.386712e+02	 -3.104843e-04	
1.395062e+02	 -3.136664e-04	
1.403462e+02	 -3.162553e-04	
1.411913e+02	 -3.182853e-04	
1.420415e+02	 -3.197994e-04	
1.428968e+02	 -3.208806e-04	
1.437573e+02	 -3.216513e-04	
1.446229e+02	 -3.220644e-04	
1.454938e+02	 -3.217252e-04	
1.463699e+02	 -3.211407e-04	
1.472513e+02	 -3.205215e-04	
1.481379e+02	 -3.193221e-04	
1.490299e+02	 -3.178016e-04	
1.499273e+02	 -3.163232e-04	
1.508301e+02	 -3.145495e-04	
1.517384e+02	 -3.125177e-04	
1.526521e+02	 -3.107035e-04	
1.535712e+02	 -3.081211e-04	
1.544960e+02	 -3.059377e-04	
1.554263e+02	 -3.033413e-04	
1.563622e+02	 -3.003522e-04	
1.573037e+02	 -2.973298e-04	
1.582509e+02	 -2.941869e-04	
1.592038e+02	 -2.910216e-04	
1.601625e+02	 -2.875191e-04	
1.611269e+02	 -2.844890e-04	
1.620972e+02	 -2.808824e-04	
1.630732e+02	 -2.773259e-04	
1.640552e+02	 -2.731846e-04	
1.650430e+02	 -2.695415e-04	
1.660368e+02	 -2.657156e-04	
1.670366e+02	 -2.623188e-04	
1.680425e+02	 -2.585963e-04	
1.690543e+02	 -2.544613e-04	
1.700723e+02	 -2.509010e-04	
1.710964e+02	 -2.471766e-04	
1.721267e+02	 -2.437562e-04	
1.731631e+02	 -2.400266e-04	
1.742058e+02	 -2.369986e-04	
1.752548e+02	 -2.333041e-04	
1.763101e+02	 -2.301067e-04	
1.773718e+02	 -2.266228e-04	
1.784398e+02	 -2.230745e-04	
1.795143e+02	 -2.196280e-04	
1.805953e+02	 -2.161832e-04	
1.816827e+02	 -2.120387e-04	
1.827767e+02	 -2.084080e-04	
1.838773e+02	 -2.052498e-04	
1.849845e+02	 -2.011144e-04	
1.860984e+02	 -1.974590e-04	
1.872190e+02	 -1.943724e-04	
1.883464e+02	 -1.901526e-04	
1.894805e+02	 -1.864588e-04	
1.906215e+02	 -1.833318e-04	
1.917693e+02	 -1.791351e-04	
1.929240e+02	 -1.759761e-04	
1.940857e+02	 -1.724850e-04	
1.952544e+02	 -1.688316e-04	
1.964302e+02	 -1.663940e-04	
1.976130e+02	 -1.626976e-04	
1.988029e+02	 -1.598880e-04	
2.000000e+02	 -1.573000e-04	
